$ANSIBLE_VAULT;1.1;AES256
38393832656666633865383938653237643837303334323762393863356630643330356364323736
6237353965633932366631643664323933363438303631630a343937363735363838633564323037
65656430643564383536386463313039313065636263343539323534346661303436383736306130
3964316337336230640a656263666432323334656464396337346632353466376466373532663831
38633237353235396264363562303461636539363437386436613037386162393333613234326563
63363139636561363635393531343739656466643864626637386163616330323935323931386161
63643435653535373335323265636663363864666639656562653265343463623964306331343865
35616138636634386563343930633036383637333062323336643336393536343765333537653536
63643036313631643262653532323933663834383836653239393062653366333735643263353563
63386661643530646564366534383939366234313031383538383233313834623039663237383435
33393336643664393335393734653361353261383861643239353566343231343835656338656362
62373337373830666330346666366634643938363831346234326333396338633831356239633833
33623532626236333166396233393030353837653438306334663233623565373633386266343832
36373436663433353763353664643261633261303537333533326331653937306565663566383635
66633438376336643266646233376437383433666138656230323664363962626130393333306430
39383531623461643939343338313831656233653833633830333763393333613430346631386132
34613163366462363862356664396533303166636531306335616261343033613935626332343263
35343162633534626638626461323365626536386635393066623662646637626438303464613261
32663233316664643165633364623536323363383630656530323531383266666664636638373635
33356333316231356138633661663936636563386530616232666236623431303536653432363535
31313861623039313235323432336366323638346439646331663139353662366463666466383661
35386464393139666165323935353435303765353064656437663761663164633166333839663337
33616561343534616463343234623666306266313634666362333631313139343364316431353861
63343531633232663163363737623864653766313933353734333930326232326437626465613163
6139
